 Theta 	 Phi 	 Gain(dB)     	   Gain     	    Phase(deg)
0.0 	 0.0 	 -300.0     	   -300.0     	    158.2015
0.0 	 10.0 	 -300.0     	   -300.0     	    162.7602
0.0 	 20.0 	 -300.0     	   -300.0     	    164.0907
0.0 	 30.0 	 -300.0     	   -300.0     	    164.754
0.0 	 40.0 	 -300.0     	   -300.0     	    165.1715
0.0 	 50.0 	 -300.0     	   -300.0     	    165.4737
0.0 	 60.0 	 -300.0     	   -300.0     	    165.7155
0.0 	 70.0 	 -300.0     	   -300.0     	    165.9247
0.0 	 80.0 	 -300.0     	   -300.0     	    166.1185
0.0 	 90.0 	 -300.0     	   -300.0     	    166.3096
0.0 	 100.0 	 -300.0     	   -300.0     	    166.5101
0.0 	 110.0 	 -300.0     	   -300.0     	    166.7346
0.0 	 120.0 	 -300.0     	   -300.0     	    167.0049
0.0 	 130.0 	 -300.0     	   -300.0     	    167.3607
0.0 	 140.0 	 -300.0     	   -300.0     	    167.8877
0.0 	 150.0 	 -300.0     	   -300.0     	    168.8226
0.0 	 160.0 	 -300.0     	   -300.0     	    171.1659
0.0 	 170.0 	 -300.0     	   -300.0     	    -168.0484
0.0 	 180.0 	 -300.0     	   -300.0     	    -21.79852
0.0 	 190.0 	 -300.0     	   -300.0     	    -17.23982
0.0 	 200.0 	 -300.0     	   -300.0     	    -15.90935
0.0 	 210.0 	 -300.0     	   -300.0     	    -15.24598
0.0 	 220.0 	 -300.0     	   -300.0     	    -14.82854
0.0 	 230.0 	 -300.0     	   -300.0     	    -14.52629
0.0 	 240.0 	 -300.0     	   -300.0     	    -14.28455
0.0 	 250.0 	 -300.0     	   -300.0     	    -14.07533
0.0 	 260.0 	 -300.0     	   -300.0     	    -13.88154
0.0 	 270.0 	 -300.0     	   -300.0     	    -13.69042
0.0 	 280.0 	 -300.0     	   -300.0     	    -13.48991
0.0 	 290.0 	 -300.0     	   -300.0     	    -13.26542
0.0 	 300.0 	 -300.0     	   -300.0     	    -12.99507
0.0 	 310.0 	 -300.0     	   -300.0     	    -12.63928
0.0 	 320.0 	 -300.0     	   -300.0     	    -12.11231
0.0 	 330.0 	 -300.0     	   -300.0     	    -11.17742
0.0 	 340.0 	 -300.0     	   -300.0     	    -8.834099
0.0 	 350.0 	 -300.0     	   -300.0     	    11.9515
0.0 	 360.0 	 -300.0     	   -300.0     	    158.2015
10.0 	 0.0 	 -300.0     	   -300.0     	    -150.5627
10.0 	 10.0 	 -300.0     	   -300.0     	    -150.5631
10.0 	 20.0 	 -300.0     	   -300.0     	    -150.5634
10.0 	 30.0 	 -300.0     	   -300.0     	    -150.5636
10.0 	 40.0 	 -300.0     	   -300.0     	    -150.5639
10.0 	 50.0 	 -300.0     	   -300.0     	    -150.5641
10.0 	 60.0 	 -300.0     	   -300.0     	    -150.5642
10.0 	 70.0 	 -300.0     	   -300.0     	    -150.5643
10.0 	 80.0 	 -300.0     	   -300.0     	    -150.5644
10.0 	 90.0 	 -300.0     	   -300.0     	    -150.5643
10.0 	 100.0 	 -300.0     	   -300.0     	    -150.5643
10.0 	 110.0 	 -300.0     	   -300.0     	    -150.5641
10.0 	 120.0 	 -300.0     	   -300.0     	    -150.5639
10.0 	 130.0 	 -300.0     	   -300.0     	    -150.5637
10.0 	 140.0 	 -300.0     	   -300.0     	    -150.5634
10.0 	 150.0 	 -300.0     	   -300.0     	    -150.5631
10.0 	 160.0 	 -300.0     	   -300.0     	    -150.5628
10.0 	 170.0 	 -300.0     	   -300.0     	    -150.5624
10.0 	 180.0 	 -300.0     	   -300.0     	    -150.5621
10.0 	 190.0 	 -300.0     	   -300.0     	    -150.5618
10.0 	 200.0 	 -300.0     	   -300.0     	    -150.5615
10.0 	 210.0 	 -300.0     	   -300.0     	    -150.5612
10.0 	 220.0 	 -300.0     	   -300.0     	    -150.5609
10.0 	 230.0 	 -300.0     	   -300.0     	    -150.5607
10.0 	 240.0 	 -300.0     	   -300.0     	    -150.5606
10.0 	 250.0 	 -300.0     	   -300.0     	    -150.5605
10.0 	 260.0 	 -300.0     	   -300.0     	    -150.5605
10.0 	 270.0 	 -300.0     	   -300.0     	    -150.5605
10.0 	 280.0 	 -300.0     	   -300.0     	    -150.5606
10.0 	 290.0 	 -300.0     	   -300.0     	    -150.5607
10.0 	 300.0 	 -300.0     	   -300.0     	    -150.5609
10.0 	 310.0 	 -300.0     	   -300.0     	    -150.5611
10.0 	 320.0 	 -300.0     	   -300.0     	    -150.5614
10.0 	 330.0 	 -300.0     	   -300.0     	    -150.5617
10.0 	 340.0 	 -300.0     	   -300.0     	    -150.562
10.0 	 350.0 	 -300.0     	   -300.0     	    -150.5624
10.0 	 360.0 	 -300.0     	   -300.0     	    -150.5627
20.0 	 0.0 	 -300.0     	   -300.0     	    -150.5625
20.0 	 10.0 	 -300.0     	   -300.0     	    -150.5627
20.0 	 20.0 	 -300.0     	   -300.0     	    -150.5628
20.0 	 30.0 	 -300.0     	   -300.0     	    -150.563
20.0 	 40.0 	 -300.0     	   -300.0     	    -150.5631
20.0 	 50.0 	 -300.0     	   -300.0     	    -150.5632
20.0 	 60.0 	 -300.0     	   -300.0     	    -150.5633
20.0 	 70.0 	 -300.0     	   -300.0     	    -150.5633
20.0 	 80.0 	 -300.0     	   -300.0     	    -150.5634
20.0 	 90.0 	 -300.0     	   -300.0     	    -150.5633
20.0 	 100.0 	 -300.0     	   -300.0     	    -150.5633
20.0 	 110.0 	 -300.0     	   -300.0     	    -150.5632
20.0 	 120.0 	 -300.0     	   -300.0     	    -150.5631
20.0 	 130.0 	 -300.0     	   -300.0     	    -150.563
20.0 	 140.0 	 -300.0     	   -300.0     	    -150.5629
20.0 	 150.0 	 -300.0     	   -300.0     	    -150.5627
20.0 	 160.0 	 -300.0     	   -300.0     	    -150.5625
20.0 	 170.0 	 -300.0     	   -300.0     	    -150.5624
20.0 	 180.0 	 -300.0     	   -300.0     	    -150.5622
20.0 	 190.0 	 -300.0     	   -300.0     	    -150.562
20.0 	 200.0 	 -300.0     	   -300.0     	    -150.5619
20.0 	 210.0 	 -300.0     	   -300.0     	    -150.5617
20.0 	 220.0 	 -300.0     	   -300.0     	    -150.5616
20.0 	 230.0 	 -300.0     	   -300.0     	    -150.5615
20.0 	 240.0 	 -300.0     	   -300.0     	    -150.5614
20.0 	 250.0 	 -300.0     	   -300.0     	    -150.5614
20.0 	 260.0 	 -300.0     	   -300.0     	    -150.5613
20.0 	 270.0 	 -300.0     	   -300.0     	    -150.5614
20.0 	 280.0 	 -300.0     	   -300.0     	    -150.5614
20.0 	 290.0 	 -300.0     	   -300.0     	    -150.5615
20.0 	 300.0 	 -300.0     	   -300.0     	    -150.5616
20.0 	 310.0 	 -300.0     	   -300.0     	    -150.5617
20.0 	 320.0 	 -300.0     	   -300.0     	    -150.5618
20.0 	 330.0 	 -300.0     	   -300.0     	    -150.562
20.0 	 340.0 	 -300.0     	   -300.0     	    -150.5621
20.0 	 350.0 	 -300.0     	   -300.0     	    -150.5623
20.0 	 360.0 	 -300.0     	   -300.0     	    -150.5625
30.0 	 0.0 	 -300.0     	   -300.0     	    -150.5624
30.0 	 10.0 	 -300.0     	   -300.0     	    -150.5625
30.0 	 20.0 	 -300.0     	   -300.0     	    -150.5626
30.0 	 30.0 	 -300.0     	   -300.0     	    -150.5627
30.0 	 40.0 	 -300.0     	   -300.0     	    -150.5628
30.0 	 50.0 	 -300.0     	   -300.0     	    -150.5629
30.0 	 60.0 	 -300.0     	   -300.0     	    -150.5629
30.0 	 70.0 	 -300.0     	   -300.0     	    -150.5629
30.0 	 80.0 	 -300.0     	   -300.0     	    -150.563
30.0 	 90.0 	 -300.0     	   -300.0     	    -150.563
30.0 	 100.0 	 -300.0     	   -300.0     	    -150.5629
30.0 	 110.0 	 -300.0     	   -300.0     	    -150.5629
30.0 	 120.0 	 -300.0     	   -300.0     	    -150.5628
30.0 	 130.0 	 -300.0     	   -300.0     	    -150.5627
30.0 	 140.0 	 -300.0     	   -300.0     	    -150.5626
30.0 	 150.0 	 -300.0     	   -300.0     	    -150.5625
30.0 	 160.0 	 -300.0     	   -300.0     	    -150.5624
30.0 	 170.0 	 -300.0     	   -300.0     	    -150.5623
30.0 	 180.0 	 -300.0     	   -300.0     	    -150.5622
30.0 	 190.0 	 -300.0     	   -300.0     	    -150.5621
30.0 	 200.0 	 -300.0     	   -300.0     	    -150.562
30.0 	 210.0 	 -300.0     	   -300.0     	    -150.5619
30.0 	 220.0 	 -300.0     	   -300.0     	    -150.5618
30.0 	 230.0 	 -300.0     	   -300.0     	    -150.5617
30.0 	 240.0 	 -300.0     	   -300.0     	    -150.5617
30.0 	 250.0 	 -300.0     	   -300.0     	    -150.5616
30.0 	 260.0 	 -300.0     	   -300.0     	    -150.5616
30.0 	 270.0 	 -300.0     	   -300.0     	    -150.5616
30.0 	 280.0 	 -300.0     	   -300.0     	    -150.5616
30.0 	 290.0 	 -300.0     	   -300.0     	    -150.5617
30.0 	 300.0 	 -300.0     	   -300.0     	    -150.5618
30.0 	 310.0 	 -300.0     	   -300.0     	    -150.5618
30.0 	 320.0 	 -300.0     	   -300.0     	    -150.5619
30.0 	 330.0 	 -300.0     	   -300.0     	    -150.562
30.0 	 340.0 	 -300.0     	   -300.0     	    -150.5621
30.0 	 350.0 	 -300.0     	   -300.0     	    -150.5623
30.0 	 360.0 	 -300.0     	   -300.0     	    -150.5624
40.0 	 0.0 	 -300.0     	   -300.0     	    -150.5622
40.0 	 10.0 	 -300.0     	   -300.0     	    -150.5623
40.0 	 20.0 	 -300.0     	   -300.0     	    -150.5624
40.0 	 30.0 	 -300.0     	   -300.0     	    -150.5625
40.0 	 40.0 	 -300.0     	   -300.0     	    -150.5625
40.0 	 50.0 	 -300.0     	   -300.0     	    -150.5626
40.0 	 60.0 	 -300.0     	   -300.0     	    -150.5626
40.0 	 70.0 	 -300.0     	   -300.0     	    -150.5627
40.0 	 80.0 	 -300.0     	   -300.0     	    -150.5627
40.0 	 90.0 	 -300.0     	   -300.0     	    -150.5627
40.0 	 100.0 	 -300.0     	   -300.0     	    -150.5627
40.0 	 110.0 	 -300.0     	   -300.0     	    -150.5626
40.0 	 120.0 	 -300.0     	   -300.0     	    -150.5626
40.0 	 130.0 	 -300.0     	   -300.0     	    -150.5625
40.0 	 140.0 	 -300.0     	   -300.0     	    -150.5624
40.0 	 150.0 	 -300.0     	   -300.0     	    -150.5623
40.0 	 160.0 	 -300.0     	   -300.0     	    -150.5622
40.0 	 170.0 	 -300.0     	   -300.0     	    -150.5622
40.0 	 180.0 	 -300.0     	   -300.0     	    -150.5621
40.0 	 190.0 	 -300.0     	   -300.0     	    -150.562
40.0 	 200.0 	 -300.0     	   -300.0     	    -150.5619
40.0 	 210.0 	 -300.0     	   -300.0     	    -150.5618
40.0 	 220.0 	 -300.0     	   -300.0     	    -150.5617
40.0 	 230.0 	 -300.0     	   -300.0     	    -150.5617
40.0 	 240.0 	 -300.0     	   -300.0     	    -150.5617
40.0 	 250.0 	 -300.0     	   -300.0     	    -150.5616
40.0 	 260.0 	 -300.0     	   -300.0     	    -150.5616
40.0 	 270.0 	 -300.0     	   -300.0     	    -150.5616
40.0 	 280.0 	 -300.0     	   -300.0     	    -150.5616
40.0 	 290.0 	 -300.0     	   -300.0     	    -150.5617
40.0 	 300.0 	 -300.0     	   -300.0     	    -150.5617
40.0 	 310.0 	 -300.0     	   -300.0     	    -150.5618
40.0 	 320.0 	 -300.0     	   -300.0     	    -150.5619
40.0 	 330.0 	 -300.0     	   -300.0     	    -150.5619
40.0 	 340.0 	 -300.0     	   -300.0     	    -150.562
40.0 	 350.0 	 -300.0     	   -300.0     	    -150.5621
40.0 	 360.0 	 -300.0     	   -300.0     	    -150.5622
50.0 	 0.0 	 -300.0     	   -300.0     	    -150.5621
50.0 	 10.0 	 -300.0     	   -300.0     	    -150.5621
50.0 	 20.0 	 -300.0     	   -300.0     	    -150.5622
50.0 	 30.0 	 -300.0     	   -300.0     	    -150.5623
50.0 	 40.0 	 -300.0     	   -300.0     	    -150.5623
50.0 	 50.0 	 -300.0     	   -300.0     	    -150.5624
50.0 	 60.0 	 -300.0     	   -300.0     	    -150.5624
50.0 	 70.0 	 -300.0     	   -300.0     	    -150.5624
50.0 	 80.0 	 -300.0     	   -300.0     	    -150.5624
50.0 	 90.0 	 -300.0     	   -300.0     	    -150.5624
50.0 	 100.0 	 -300.0     	   -300.0     	    -150.5624
50.0 	 110.0 	 -300.0     	   -300.0     	    -150.5624
50.0 	 120.0 	 -300.0     	   -300.0     	    -150.5624
50.0 	 130.0 	 -300.0     	   -300.0     	    -150.5623
50.0 	 140.0 	 -300.0     	   -300.0     	    -150.5623
50.0 	 150.0 	 -300.0     	   -300.0     	    -150.5622
50.0 	 160.0 	 -300.0     	   -300.0     	    -150.5621
50.0 	 170.0 	 -300.0     	   -300.0     	    -150.562
50.0 	 180.0 	 -300.0     	   -300.0     	    -150.562
50.0 	 190.0 	 -300.0     	   -300.0     	    -150.5619
50.0 	 200.0 	 -300.0     	   -300.0     	    -150.5618
50.0 	 210.0 	 -300.0     	   -300.0     	    -150.5617
50.0 	 220.0 	 -300.0     	   -300.0     	    -150.5617
50.0 	 230.0 	 -300.0     	   -300.0     	    -150.5616
50.0 	 240.0 	 -300.0     	   -300.0     	    -150.5616
50.0 	 250.0 	 -300.0     	   -300.0     	    -150.5616
50.0 	 260.0 	 -300.0     	   -300.0     	    -150.5616
50.0 	 270.0 	 -300.0     	   -300.0     	    -150.5616
50.0 	 280.0 	 -300.0     	   -300.0     	    -150.5616
50.0 	 290.0 	 -300.0     	   -300.0     	    -150.5616
50.0 	 300.0 	 -300.0     	   -300.0     	    -150.5617
50.0 	 310.0 	 -300.0     	   -300.0     	    -150.5617
50.0 	 320.0 	 -300.0     	   -300.0     	    -150.5618
50.0 	 330.0 	 -300.0     	   -300.0     	    -150.5618
50.0 	 340.0 	 -300.0     	   -300.0     	    -150.5619
50.0 	 350.0 	 -300.0     	   -300.0     	    -150.562
50.0 	 360.0 	 -300.0     	   -300.0     	    -150.5621
60.0 	 0.0 	 -300.0     	   -300.0     	    -150.5619
60.0 	 10.0 	 -300.0     	   -300.0     	    -150.562
60.0 	 20.0 	 -300.0     	   -300.0     	    -150.5621
60.0 	 30.0 	 -300.0     	   -300.0     	    -150.5621
60.0 	 40.0 	 -300.0     	   -300.0     	    -150.5622
60.0 	 50.0 	 -300.0     	   -300.0     	    -150.5622
60.0 	 60.0 	 -300.0     	   -300.0     	    -150.5622
60.0 	 70.0 	 -300.0     	   -300.0     	    -150.5623
60.0 	 80.0 	 -300.0     	   -300.0     	    -150.5623
60.0 	 90.0 	 -300.0     	   -300.0     	    -150.5623
60.0 	 100.0 	 -300.0     	   -300.0     	    -150.5622
60.0 	 110.0 	 -300.0     	   -300.0     	    -150.5622
60.0 	 120.0 	 -300.0     	   -300.0     	    -150.5622
60.0 	 130.0 	 -300.0     	   -300.0     	    -150.5621
60.0 	 140.0 	 -300.0     	   -300.0     	    -150.5621
60.0 	 150.0 	 -300.0     	   -300.0     	    -150.562
60.0 	 160.0 	 -300.0     	   -300.0     	    -150.562
60.0 	 170.0 	 -300.0     	   -300.0     	    -150.5619
60.0 	 180.0 	 -300.0     	   -300.0     	    -150.5618
60.0 	 190.0 	 -300.0     	   -300.0     	    -150.5618
60.0 	 200.0 	 -300.0     	   -300.0     	    -150.5617
60.0 	 210.0 	 -300.0     	   -300.0     	    -150.5616
60.0 	 220.0 	 -300.0     	   -300.0     	    -150.5616
60.0 	 230.0 	 -300.0     	   -300.0     	    -150.5615
60.0 	 240.0 	 -300.0     	   -300.0     	    -150.5615
60.0 	 250.0 	 -300.0     	   -300.0     	    -150.5615
60.0 	 260.0 	 -300.0     	   -300.0     	    -150.5615
60.0 	 270.0 	 -300.0     	   -300.0     	    -150.5615
60.0 	 280.0 	 -300.0     	   -300.0     	    -150.5615
60.0 	 290.0 	 -300.0     	   -300.0     	    -150.5615
60.0 	 300.0 	 -300.0     	   -300.0     	    -150.5616
60.0 	 310.0 	 -300.0     	   -300.0     	    -150.5616
60.0 	 320.0 	 -300.0     	   -300.0     	    -150.5617
60.0 	 330.0 	 -300.0     	   -300.0     	    -150.5617
60.0 	 340.0 	 -300.0     	   -300.0     	    -150.5618
60.0 	 350.0 	 -300.0     	   -300.0     	    -150.5619
60.0 	 360.0 	 -300.0     	   -300.0     	    -150.5619
70.0 	 0.0 	 -300.0     	   -300.0     	    -150.5618
70.0 	 10.0 	 -300.0     	   -300.0     	    -150.5618
70.0 	 20.0 	 -300.0     	   -300.0     	    -150.5619
70.0 	 30.0 	 -300.0     	   -300.0     	    -150.562
70.0 	 40.0 	 -300.0     	   -300.0     	    -150.562
70.0 	 50.0 	 -300.0     	   -300.0     	    -150.562
70.0 	 60.0 	 -300.0     	   -300.0     	    -150.5621
70.0 	 70.0 	 -300.0     	   -300.0     	    -150.5621
70.0 	 80.0 	 -300.0     	   -300.0     	    -150.5621
70.0 	 90.0 	 -300.0     	   -300.0     	    -150.5621
70.0 	 100.0 	 -300.0     	   -300.0     	    -150.5621
70.0 	 110.0 	 -300.0     	   -300.0     	    -150.5621
70.0 	 120.0 	 -300.0     	   -300.0     	    -150.562
70.0 	 130.0 	 -300.0     	   -300.0     	    -150.562
70.0 	 140.0 	 -300.0     	   -300.0     	    -150.5619
70.0 	 150.0 	 -300.0     	   -300.0     	    -150.5619
70.0 	 160.0 	 -300.0     	   -300.0     	    -150.5618
70.0 	 170.0 	 -300.0     	   -300.0     	    -150.5618
70.0 	 180.0 	 -300.0     	   -300.0     	    -150.5617
70.0 	 190.0 	 -300.0     	   -300.0     	    -150.5616
70.0 	 200.0 	 -300.0     	   -300.0     	    -150.5616
70.0 	 210.0 	 -300.0     	   -300.0     	    -150.5615
70.0 	 220.0 	 -300.0     	   -300.0     	    -150.5615
70.0 	 230.0 	 -300.0     	   -300.0     	    -150.5614
70.0 	 240.0 	 -300.0     	   -300.0     	    -150.5614
70.0 	 250.0 	 -300.0     	   -300.0     	    -150.5614
70.0 	 260.0 	 -300.0     	   -300.0     	    -150.5614
70.0 	 270.0 	 -300.0     	   -300.0     	    -150.5614
70.0 	 280.0 	 -300.0     	   -300.0     	    -150.5614
70.0 	 290.0 	 -300.0     	   -300.0     	    -150.5614
70.0 	 300.0 	 -300.0     	   -300.0     	    -150.5615
70.0 	 310.0 	 -300.0     	   -300.0     	    -150.5615
70.0 	 320.0 	 -300.0     	   -300.0     	    -150.5615
70.0 	 330.0 	 -300.0     	   -300.0     	    -150.5616
70.0 	 340.0 	 -300.0     	   -300.0     	    -150.5617
70.0 	 350.0 	 -300.0     	   -300.0     	    -150.5617
70.0 	 360.0 	 -300.0     	   -300.0     	    -150.5618
80.0 	 0.0 	 -300.0     	   -300.0     	    -150.5617
80.0 	 10.0 	 -300.0     	   -300.0     	    -150.5617
80.0 	 20.0 	 -300.0     	   -300.0     	    -150.5618
80.0 	 30.0 	 -300.0     	   -300.0     	    -150.5618
80.0 	 40.0 	 -300.0     	   -300.0     	    -150.5619
80.0 	 50.0 	 -300.0     	   -300.0     	    -150.5619
80.0 	 60.0 	 -300.0     	   -300.0     	    -150.5619
80.0 	 70.0 	 -300.0     	   -300.0     	    -150.562
80.0 	 80.0 	 -300.0     	   -300.0     	    -150.562
80.0 	 90.0 	 -300.0     	   -300.0     	    -150.562
80.0 	 100.0 	 -300.0     	   -300.0     	    -150.562
80.0 	 110.0 	 -300.0     	   -300.0     	    -150.5619
80.0 	 120.0 	 -300.0     	   -300.0     	    -150.5619
80.0 	 130.0 	 -300.0     	   -300.0     	    -150.5619
80.0 	 140.0 	 -300.0     	   -300.0     	    -150.5618
80.0 	 150.0 	 -300.0     	   -300.0     	    -150.5618
80.0 	 160.0 	 -300.0     	   -300.0     	    -150.5617
80.0 	 170.0 	 -300.0     	   -300.0     	    -150.5617
80.0 	 180.0 	 -300.0     	   -300.0     	    -150.5616
80.0 	 190.0 	 -300.0     	   -300.0     	    -150.5615
80.0 	 200.0 	 -300.0     	   -300.0     	    -150.5615
80.0 	 210.0 	 -300.0     	   -300.0     	    -150.5614
80.0 	 220.0 	 -300.0     	   -300.0     	    -150.5614
80.0 	 230.0 	 -300.0     	   -300.0     	    -150.5613
80.0 	 240.0 	 -300.0     	   -300.0     	    -150.5613
80.0 	 250.0 	 -300.0     	   -300.0     	    -150.5613
80.0 	 260.0 	 -300.0     	   -300.0     	    -150.5613
80.0 	 270.0 	 -300.0     	   -300.0     	    -150.5613
80.0 	 280.0 	 -300.0     	   -300.0     	    -150.5613
80.0 	 290.0 	 -300.0     	   -300.0     	    -150.5613
80.0 	 300.0 	 -300.0     	   -300.0     	    -150.5613
80.0 	 310.0 	 -300.0     	   -300.0     	    -150.5614
80.0 	 320.0 	 -300.0     	   -300.0     	    -150.5614
80.0 	 330.0 	 -300.0     	   -300.0     	    -150.5615
80.0 	 340.0 	 -300.0     	   -300.0     	    -150.5615
80.0 	 350.0 	 -300.0     	   -300.0     	    -150.5616
80.0 	 360.0 	 -300.0     	   -300.0     	    -150.5617
90.0 	 0.0 	 -300.0     	   -300.0     	    -150.5615
90.0 	 10.0 	 -300.0     	   -300.0     	    -150.5616
90.0 	 20.0 	 -300.0     	   -300.0     	    -150.5617
90.0 	 30.0 	 -300.0     	   -300.0     	    -150.5617
90.0 	 40.0 	 -300.0     	   -300.0     	    -150.5618
90.0 	 50.0 	 -300.0     	   -300.0     	    -150.5618
90.0 	 60.0 	 -300.0     	   -300.0     	    -150.5618
90.0 	 70.0 	 -300.0     	   -300.0     	    -150.5618
90.0 	 80.0 	 -300.0     	   -300.0     	    -150.5619
90.0 	 90.0 	 -300.0     	   -300.0     	    -150.5619
90.0 	 100.0 	 -300.0     	   -300.0     	    -150.5618
90.0 	 110.0 	 -300.0     	   -300.0     	    -150.5618
90.0 	 120.0 	 -300.0     	   -300.0     	    -150.5618
90.0 	 130.0 	 -300.0     	   -300.0     	    -150.5618
90.0 	 140.0 	 -300.0     	   -300.0     	    -150.5617
90.0 	 150.0 	 -300.0     	   -300.0     	    -150.5617
90.0 	 160.0 	 -300.0     	   -300.0     	    -150.5616
90.0 	 170.0 	 -300.0     	   -300.0     	    -150.5615
90.0 	 180.0 	 -300.0     	   -300.0     	    -150.5615
90.0 	 190.0 	 -300.0     	   -300.0     	    -150.5614
90.0 	 200.0 	 -300.0     	   -300.0     	    -150.5614
90.0 	 210.0 	 -300.0     	   -300.0     	    -150.5613
90.0 	 220.0 	 -300.0     	   -300.0     	    -150.5613
90.0 	 230.0 	 -300.0     	   -300.0     	    -150.5612
90.0 	 240.0 	 -300.0     	   -300.0     	    -150.5612
90.0 	 250.0 	 -300.0     	   -300.0     	    -150.5612
90.0 	 260.0 	 -300.0     	   -300.0     	    -150.5612
90.0 	 270.0 	 -300.0     	   -300.0     	    -150.5612
90.0 	 280.0 	 -300.0     	   -300.0     	    -150.5612
90.0 	 290.0 	 -300.0     	   -300.0     	    -150.5612
90.0 	 300.0 	 -300.0     	   -300.0     	    -150.5612
90.0 	 310.0 	 -300.0     	   -300.0     	    -150.5613
90.0 	 320.0 	 -300.0     	   -300.0     	    -150.5613
90.0 	 330.0 	 -300.0     	   -300.0     	    -150.5614
90.0 	 340.0 	 -300.0     	   -300.0     	    -150.5614
90.0 	 350.0 	 -300.0     	   -300.0     	    -150.5615
90.0 	 360.0 	 -300.0     	   -300.0     	    -150.5615
100.0 	 0.0 	 -300.0     	   -300.0     	    -150.5615
100.0 	 10.0 	 -300.0     	   -300.0     	    -150.5615
100.0 	 20.0 	 -300.0     	   -300.0     	    -150.5616
100.0 	 30.0 	 -300.0     	   -300.0     	    -150.5617
100.0 	 40.0 	 -300.0     	   -300.0     	    -150.5617
100.0 	 50.0 	 -300.0     	   -300.0     	    -150.5617
100.0 	 60.0 	 -300.0     	   -300.0     	    -150.5618
100.0 	 70.0 	 -300.0     	   -300.0     	    -150.5618
100.0 	 80.0 	 -300.0     	   -300.0     	    -150.5618
100.0 	 90.0 	 -300.0     	   -300.0     	    -150.5618
100.0 	 100.0 	 -300.0     	   -300.0     	    -150.5618
100.0 	 110.0 	 -300.0     	   -300.0     	    -150.5618
100.0 	 120.0 	 -300.0     	   -300.0     	    -150.5617
100.0 	 130.0 	 -300.0     	   -300.0     	    -150.5617
100.0 	 140.0 	 -300.0     	   -300.0     	    -150.5617
100.0 	 150.0 	 -300.0     	   -300.0     	    -150.5616
100.0 	 160.0 	 -300.0     	   -300.0     	    -150.5615
100.0 	 170.0 	 -300.0     	   -300.0     	    -150.5615
100.0 	 180.0 	 -300.0     	   -300.0     	    -150.5614
100.0 	 190.0 	 -300.0     	   -300.0     	    -150.5614
100.0 	 200.0 	 -300.0     	   -300.0     	    -150.5613
100.0 	 210.0 	 -300.0     	   -300.0     	    -150.5613
100.0 	 220.0 	 -300.0     	   -300.0     	    -150.5612
100.0 	 230.0 	 -300.0     	   -300.0     	    -150.5612
100.0 	 240.0 	 -300.0     	   -300.0     	    -150.5611
100.0 	 250.0 	 -300.0     	   -300.0     	    -150.5611
100.0 	 260.0 	 -300.0     	   -300.0     	    -150.5611
100.0 	 270.0 	 -300.0     	   -300.0     	    -150.5611
100.0 	 280.0 	 -300.0     	   -300.0     	    -150.5611
100.0 	 290.0 	 -300.0     	   -300.0     	    -150.5611
100.0 	 300.0 	 -300.0     	   -300.0     	    -150.5612
100.0 	 310.0 	 -300.0     	   -300.0     	    -150.5612
100.0 	 320.0 	 -300.0     	   -300.0     	    -150.5613
100.0 	 330.0 	 -300.0     	   -300.0     	    -150.5613
100.0 	 340.0 	 -300.0     	   -300.0     	    -150.5614
100.0 	 350.0 	 -300.0     	   -300.0     	    -150.5614
100.0 	 360.0 	 -300.0     	   -300.0     	    -150.5615
110.0 	 0.0 	 -300.0     	   -300.0     	    -150.5614
110.0 	 10.0 	 -300.0     	   -300.0     	    -150.5615
110.0 	 20.0 	 -300.0     	   -300.0     	    -150.5616
110.0 	 30.0 	 -300.0     	   -300.0     	    -150.5616
110.0 	 40.0 	 -300.0     	   -300.0     	    -150.5617
110.0 	 50.0 	 -300.0     	   -300.0     	    -150.5617
110.0 	 60.0 	 -300.0     	   -300.0     	    -150.5617
110.0 	 70.0 	 -300.0     	   -300.0     	    -150.5618
110.0 	 80.0 	 -300.0     	   -300.0     	    -150.5618
110.0 	 90.0 	 -300.0     	   -300.0     	    -150.5618
110.0 	 100.0 	 -300.0     	   -300.0     	    -150.5618
110.0 	 110.0 	 -300.0     	   -300.0     	    -150.5617
110.0 	 120.0 	 -300.0     	   -300.0     	    -150.5617
110.0 	 130.0 	 -300.0     	   -300.0     	    -150.5617
110.0 	 140.0 	 -300.0     	   -300.0     	    -150.5616
110.0 	 150.0 	 -300.0     	   -300.0     	    -150.5616
110.0 	 160.0 	 -300.0     	   -300.0     	    -150.5615
110.0 	 170.0 	 -300.0     	   -300.0     	    -150.5615
110.0 	 180.0 	 -300.0     	   -300.0     	    -150.5614
110.0 	 190.0 	 -300.0     	   -300.0     	    -150.5613
110.0 	 200.0 	 -300.0     	   -300.0     	    -150.5613
110.0 	 210.0 	 -300.0     	   -300.0     	    -150.5612
110.0 	 220.0 	 -300.0     	   -300.0     	    -150.5612
110.0 	 230.0 	 -300.0     	   -300.0     	    -150.5611
110.0 	 240.0 	 -300.0     	   -300.0     	    -150.5611
110.0 	 250.0 	 -300.0     	   -300.0     	    -150.5611
110.0 	 260.0 	 -300.0     	   -300.0     	    -150.561
110.0 	 270.0 	 -300.0     	   -300.0     	    -150.561
110.0 	 280.0 	 -300.0     	   -300.0     	    -150.5611
110.0 	 290.0 	 -300.0     	   -300.0     	    -150.5611
110.0 	 300.0 	 -300.0     	   -300.0     	    -150.5611
110.0 	 310.0 	 -300.0     	   -300.0     	    -150.5612
110.0 	 320.0 	 -300.0     	   -300.0     	    -150.5612
110.0 	 330.0 	 -300.0     	   -300.0     	    -150.5612
110.0 	 340.0 	 -300.0     	   -300.0     	    -150.5613
110.0 	 350.0 	 -300.0     	   -300.0     	    -150.5614
110.0 	 360.0 	 -300.0     	   -300.0     	    -150.5614
120.0 	 0.0 	 -300.0     	   -300.0     	    -150.5614
120.0 	 10.0 	 -300.0     	   -300.0     	    -150.5615
120.0 	 20.0 	 -300.0     	   -300.0     	    -150.5615
120.0 	 30.0 	 -300.0     	   -300.0     	    -150.5616
120.0 	 40.0 	 -300.0     	   -300.0     	    -150.5616
120.0 	 50.0 	 -300.0     	   -300.0     	    -150.5617
120.0 	 60.0 	 -300.0     	   -300.0     	    -150.5617
120.0 	 70.0 	 -300.0     	   -300.0     	    -150.5618
120.0 	 80.0 	 -300.0     	   -300.0     	    -150.5618
120.0 	 90.0 	 -300.0     	   -300.0     	    -150.5618
120.0 	 100.0 	 -300.0     	   -300.0     	    -150.5618
120.0 	 110.0 	 -300.0     	   -300.0     	    -150.5617
120.0 	 120.0 	 -300.0     	   -300.0     	    -150.5617
120.0 	 130.0 	 -300.0     	   -300.0     	    -150.5617
120.0 	 140.0 	 -300.0     	   -300.0     	    -150.5616
120.0 	 150.0 	 -300.0     	   -300.0     	    -150.5616
120.0 	 160.0 	 -300.0     	   -300.0     	    -150.5615
120.0 	 170.0 	 -300.0     	   -300.0     	    -150.5614
120.0 	 180.0 	 -300.0     	   -300.0     	    -150.5614
120.0 	 190.0 	 -300.0     	   -300.0     	    -150.5613
120.0 	 200.0 	 -300.0     	   -300.0     	    -150.5612
120.0 	 210.0 	 -300.0     	   -300.0     	    -150.5612
120.0 	 220.0 	 -300.0     	   -300.0     	    -150.5611
120.0 	 230.0 	 -300.0     	   -300.0     	    -150.5611
120.0 	 240.0 	 -300.0     	   -300.0     	    -150.561
120.0 	 250.0 	 -300.0     	   -300.0     	    -150.561
120.0 	 260.0 	 -300.0     	   -300.0     	    -150.561
120.0 	 270.0 	 -300.0     	   -300.0     	    -150.561
120.0 	 280.0 	 -300.0     	   -300.0     	    -150.561
120.0 	 290.0 	 -300.0     	   -300.0     	    -150.561
120.0 	 300.0 	 -300.0     	   -300.0     	    -150.5611
120.0 	 310.0 	 -300.0     	   -300.0     	    -150.5611
120.0 	 320.0 	 -300.0     	   -300.0     	    -150.5612
120.0 	 330.0 	 -300.0     	   -300.0     	    -150.5612
120.0 	 340.0 	 -300.0     	   -300.0     	    -150.5613
120.0 	 350.0 	 -300.0     	   -300.0     	    -150.5613
120.0 	 360.0 	 -300.0     	   -300.0     	    -150.5614
130.0 	 0.0 	 -300.0     	   -300.0     	    -150.5614
130.0 	 10.0 	 -300.0     	   -300.0     	    -150.5615
130.0 	 20.0 	 -300.0     	   -300.0     	    -150.5616
130.0 	 30.0 	 -300.0     	   -300.0     	    -150.5616
130.0 	 40.0 	 -300.0     	   -300.0     	    -150.5617
130.0 	 50.0 	 -300.0     	   -300.0     	    -150.5617
130.0 	 60.0 	 -300.0     	   -300.0     	    -150.5618
130.0 	 70.0 	 -300.0     	   -300.0     	    -150.5618
130.0 	 80.0 	 -300.0     	   -300.0     	    -150.5618
130.0 	 90.0 	 -300.0     	   -300.0     	    -150.5618
130.0 	 100.0 	 -300.0     	   -300.0     	    -150.5618
130.0 	 110.0 	 -300.0     	   -300.0     	    -150.5618
130.0 	 120.0 	 -300.0     	   -300.0     	    -150.5618
130.0 	 130.0 	 -300.0     	   -300.0     	    -150.5617
130.0 	 140.0 	 -300.0     	   -300.0     	    -150.5617
130.0 	 150.0 	 -300.0     	   -300.0     	    -150.5616
130.0 	 160.0 	 -300.0     	   -300.0     	    -150.5615
130.0 	 170.0 	 -300.0     	   -300.0     	    -150.5614
130.0 	 180.0 	 -300.0     	   -300.0     	    -150.5614
130.0 	 190.0 	 -300.0     	   -300.0     	    -150.5613
130.0 	 200.0 	 -300.0     	   -300.0     	    -150.5612
130.0 	 210.0 	 -300.0     	   -300.0     	    -150.5611
130.0 	 220.0 	 -300.0     	   -300.0     	    -150.5611
130.0 	 230.0 	 -300.0     	   -300.0     	    -150.561
130.0 	 240.0 	 -300.0     	   -300.0     	    -150.561
130.0 	 250.0 	 -300.0     	   -300.0     	    -150.561
130.0 	 260.0 	 -300.0     	   -300.0     	    -150.5609
130.0 	 270.0 	 -300.0     	   -300.0     	    -150.5609
130.0 	 280.0 	 -300.0     	   -300.0     	    -150.5609
130.0 	 290.0 	 -300.0     	   -300.0     	    -150.561
130.0 	 300.0 	 -300.0     	   -300.0     	    -150.561
130.0 	 310.0 	 -300.0     	   -300.0     	    -150.5611
130.0 	 320.0 	 -300.0     	   -300.0     	    -150.5611
130.0 	 330.0 	 -300.0     	   -300.0     	    -150.5612
130.0 	 340.0 	 -300.0     	   -300.0     	    -150.5613
130.0 	 350.0 	 -300.0     	   -300.0     	    -150.5613
130.0 	 360.0 	 -300.0     	   -300.0     	    -150.5614
140.0 	 0.0 	 -300.0     	   -300.0     	    -150.5614
140.0 	 10.0 	 -300.0     	   -300.0     	    -150.5615
140.0 	 20.0 	 -300.0     	   -300.0     	    -150.5616
140.0 	 30.0 	 -300.0     	   -300.0     	    -150.5617
140.0 	 40.0 	 -300.0     	   -300.0     	    -150.5618
140.0 	 50.0 	 -300.0     	   -300.0     	    -150.5618
140.0 	 60.0 	 -300.0     	   -300.0     	    -150.5619
140.0 	 70.0 	 -300.0     	   -300.0     	    -150.5619
140.0 	 80.0 	 -300.0     	   -300.0     	    -150.5619
140.0 	 90.0 	 -300.0     	   -300.0     	    -150.5619
140.0 	 100.0 	 -300.0     	   -300.0     	    -150.5619
140.0 	 110.0 	 -300.0     	   -300.0     	    -150.5619
140.0 	 120.0 	 -300.0     	   -300.0     	    -150.5618
140.0 	 130.0 	 -300.0     	   -300.0     	    -150.5618
140.0 	 140.0 	 -300.0     	   -300.0     	    -150.5617
140.0 	 150.0 	 -300.0     	   -300.0     	    -150.5616
140.0 	 160.0 	 -300.0     	   -300.0     	    -150.5615
140.0 	 170.0 	 -300.0     	   -300.0     	    -150.5615
140.0 	 180.0 	 -300.0     	   -300.0     	    -150.5614
140.0 	 190.0 	 -300.0     	   -300.0     	    -150.5613
140.0 	 200.0 	 -300.0     	   -300.0     	    -150.5612
140.0 	 210.0 	 -300.0     	   -300.0     	    -150.5611
140.0 	 220.0 	 -300.0     	   -300.0     	    -150.561
140.0 	 230.0 	 -300.0     	   -300.0     	    -150.561
140.0 	 240.0 	 -300.0     	   -300.0     	    -150.5609
140.0 	 250.0 	 -300.0     	   -300.0     	    -150.5609
140.0 	 260.0 	 -300.0     	   -300.0     	    -150.5609
140.0 	 270.0 	 -300.0     	   -300.0     	    -150.5609
140.0 	 280.0 	 -300.0     	   -300.0     	    -150.5609
140.0 	 290.0 	 -300.0     	   -300.0     	    -150.5609
140.0 	 300.0 	 -300.0     	   -300.0     	    -150.5609
140.0 	 310.0 	 -300.0     	   -300.0     	    -150.561
140.0 	 320.0 	 -300.0     	   -300.0     	    -150.5611
140.0 	 330.0 	 -300.0     	   -300.0     	    -150.5612
140.0 	 340.0 	 -300.0     	   -300.0     	    -150.5612
140.0 	 350.0 	 -300.0     	   -300.0     	    -150.5613
140.0 	 360.0 	 -300.0     	   -300.0     	    -150.5614
150.0 	 0.0 	 -300.0     	   -300.0     	    -150.5615
150.0 	 10.0 	 -300.0     	   -300.0     	    -150.5616
150.0 	 20.0 	 -300.0     	   -300.0     	    -150.5617
150.0 	 30.0 	 -300.0     	   -300.0     	    -150.5618
150.0 	 40.0 	 -300.0     	   -300.0     	    -150.5619
150.0 	 50.0 	 -300.0     	   -300.0     	    -150.562
150.0 	 60.0 	 -300.0     	   -300.0     	    -150.562
150.0 	 70.0 	 -300.0     	   -300.0     	    -150.5621
150.0 	 80.0 	 -300.0     	   -300.0     	    -150.5621
150.0 	 90.0 	 -300.0     	   -300.0     	    -150.5621
150.0 	 100.0 	 -300.0     	   -300.0     	    -150.5621
150.0 	 110.0 	 -300.0     	   -300.0     	    -150.5621
150.0 	 120.0 	 -300.0     	   -300.0     	    -150.562
150.0 	 130.0 	 -300.0     	   -300.0     	    -150.5619
150.0 	 140.0 	 -300.0     	   -300.0     	    -150.5618
150.0 	 150.0 	 -300.0     	   -300.0     	    -150.5617
150.0 	 160.0 	 -300.0     	   -300.0     	    -150.5616
150.0 	 170.0 	 -300.0     	   -300.0     	    -150.5615
150.0 	 180.0 	 -300.0     	   -300.0     	    -150.5614
150.0 	 190.0 	 -300.0     	   -300.0     	    -150.5613
150.0 	 200.0 	 -300.0     	   -300.0     	    -150.5612
150.0 	 210.0 	 -300.0     	   -300.0     	    -150.5611
150.0 	 220.0 	 -300.0     	   -300.0     	    -150.561
150.0 	 230.0 	 -300.0     	   -300.0     	    -150.5609
150.0 	 240.0 	 -300.0     	   -300.0     	    -150.5608
150.0 	 250.0 	 -300.0     	   -300.0     	    -150.5608
150.0 	 260.0 	 -300.0     	   -300.0     	    -150.5607
150.0 	 270.0 	 -300.0     	   -300.0     	    -150.5607
150.0 	 280.0 	 -300.0     	   -300.0     	    -150.5607
150.0 	 290.0 	 -300.0     	   -300.0     	    -150.5608
150.0 	 300.0 	 -300.0     	   -300.0     	    -150.5608
150.0 	 310.0 	 -300.0     	   -300.0     	    -150.5609
150.0 	 320.0 	 -300.0     	   -300.0     	    -150.561
150.0 	 330.0 	 -300.0     	   -300.0     	    -150.5611
150.0 	 340.0 	 -300.0     	   -300.0     	    -150.5612
150.0 	 350.0 	 -300.0     	   -300.0     	    -150.5613
150.0 	 360.0 	 -300.0     	   -300.0     	    -150.5615
160.0 	 0.0 	 -300.0     	   -300.0     	    -150.5615
160.0 	 10.0 	 -300.0     	   -300.0     	    -150.5616
160.0 	 20.0 	 -300.0     	   -300.0     	    -150.5618
160.0 	 30.0 	 -300.0     	   -300.0     	    -150.562
160.0 	 40.0 	 -300.0     	   -300.0     	    -150.5621
160.0 	 50.0 	 -300.0     	   -300.0     	    -150.5622
160.0 	 60.0 	 -300.0     	   -300.0     	    -150.5623
160.0 	 70.0 	 -300.0     	   -300.0     	    -150.5624
160.0 	 80.0 	 -300.0     	   -300.0     	    -150.5624
160.0 	 90.0 	 -300.0     	   -300.0     	    -150.5624
160.0 	 100.0 	 -300.0     	   -300.0     	    -150.5624
160.0 	 110.0 	 -300.0     	   -300.0     	    -150.5624
160.0 	 120.0 	 -300.0     	   -300.0     	    -150.5623
160.0 	 130.0 	 -300.0     	   -300.0     	    -150.5622
160.0 	 140.0 	 -300.0     	   -300.0     	    -150.5621
160.0 	 150.0 	 -300.0     	   -300.0     	    -150.5619
160.0 	 160.0 	 -300.0     	   -300.0     	    -150.5617
160.0 	 170.0 	 -300.0     	   -300.0     	    -150.5616
160.0 	 180.0 	 -300.0     	   -300.0     	    -150.5614
160.0 	 190.0 	 -300.0     	   -300.0     	    -150.5612
160.0 	 200.0 	 -300.0     	   -300.0     	    -150.5611
160.0 	 210.0 	 -300.0     	   -300.0     	    -150.5609
160.0 	 220.0 	 -300.0     	   -300.0     	    -150.5608
160.0 	 230.0 	 -300.0     	   -300.0     	    -150.5606
160.0 	 240.0 	 -300.0     	   -300.0     	    -150.5605
160.0 	 250.0 	 -300.0     	   -300.0     	    -150.5605
160.0 	 260.0 	 -300.0     	   -300.0     	    -150.5604
160.0 	 270.0 	 -300.0     	   -300.0     	    -150.5604
160.0 	 280.0 	 -300.0     	   -300.0     	    -150.5604
160.0 	 290.0 	 -300.0     	   -300.0     	    -150.5605
160.0 	 300.0 	 -300.0     	   -300.0     	    -150.5606
160.0 	 310.0 	 -300.0     	   -300.0     	    -150.5607
160.0 	 320.0 	 -300.0     	   -300.0     	    -150.5608
160.0 	 330.0 	 -300.0     	   -300.0     	    -150.561
160.0 	 340.0 	 -300.0     	   -300.0     	    -150.5611
160.0 	 350.0 	 -300.0     	   -300.0     	    -150.5613
160.0 	 360.0 	 -300.0     	   -300.0     	    -150.5615
170.0 	 0.0 	 -300.0     	   -300.0     	    -150.5615
170.0 	 10.0 	 -300.0     	   -300.0     	    -150.5619
170.0 	 20.0 	 -300.0     	   -300.0     	    -150.5622
170.0 	 30.0 	 -300.0     	   -300.0     	    -150.5625
170.0 	 40.0 	 -300.0     	   -300.0     	    -150.5628
170.0 	 50.0 	 -300.0     	   -300.0     	    -150.563
170.0 	 60.0 	 -300.0     	   -300.0     	    -150.5632
170.0 	 70.0 	 -300.0     	   -300.0     	    -150.5633
170.0 	 80.0 	 -300.0     	   -300.0     	    -150.5634
170.0 	 90.0 	 -300.0     	   -300.0     	    -150.5634
170.0 	 100.0 	 -300.0     	   -300.0     	    -150.5634
170.0 	 110.0 	 -300.0     	   -300.0     	    -150.5633
170.0 	 120.0 	 -300.0     	   -300.0     	    -150.5631
170.0 	 130.0 	 -300.0     	   -300.0     	    -150.5629
170.0 	 140.0 	 -300.0     	   -300.0     	    -150.5627
170.0 	 150.0 	 -300.0     	   -300.0     	    -150.5624
170.0 	 160.0 	 -300.0     	   -300.0     	    -150.5621
170.0 	 170.0 	 -300.0     	   -300.0     	    -150.5617
170.0 	 180.0 	 -300.0     	   -300.0     	    -150.5614
170.0 	 190.0 	 -300.0     	   -300.0     	    -150.561
170.0 	 200.0 	 -300.0     	   -300.0     	    -150.5607
170.0 	 210.0 	 -300.0     	   -300.0     	    -150.5604
170.0 	 220.0 	 -300.0     	   -300.0     	    -150.5601
170.0 	 230.0 	 -300.0     	   -300.0     	    -150.5599
170.0 	 240.0 	 -300.0     	   -300.0     	    -150.5597
170.0 	 250.0 	 -300.0     	   -300.0     	    -150.5596
170.0 	 260.0 	 -300.0     	   -300.0     	    -150.5595
170.0 	 270.0 	 -300.0     	   -300.0     	    -150.5595
170.0 	 280.0 	 -300.0     	   -300.0     	    -150.5595
170.0 	 290.0 	 -300.0     	   -300.0     	    -150.5596
170.0 	 300.0 	 -300.0     	   -300.0     	    -150.5598
170.0 	 310.0 	 -300.0     	   -300.0     	    -150.56
170.0 	 320.0 	 -300.0     	   -300.0     	    -150.5602
170.0 	 330.0 	 -300.0     	   -300.0     	    -150.5605
170.0 	 340.0 	 -300.0     	   -300.0     	    -150.5608
170.0 	 350.0 	 -300.0     	   -300.0     	    -150.5612
170.0 	 360.0 	 -300.0     	   -300.0     	    -150.5615
180.0 	 0.0 	 -300.0     	   -300.0     	    -174.5734
180.0 	 10.0 	 -300.0     	   -300.0     	    167.5668
180.0 	 20.0 	 -300.0     	   -300.0     	    165.6687
180.0 	 30.0 	 -300.0     	   -300.0     	    164.1879
180.0 	 40.0 	 -300.0     	   -300.0     	    163.6477
180.0 	 50.0 	 -300.0     	   -300.0     	    163.6341
180.0 	 60.0 	 -300.0     	   -300.0     	    163.0557
180.0 	 70.0 	 -300.0     	   -300.0     	    163.1129
180.0 	 80.0 	 -300.0     	   -300.0     	    163.0109
180.0 	 90.0 	 -300.0     	   -300.0     	    162.5628
180.0 	 100.0 	 -300.0     	   -300.0     	    162.4321
180.0 	 110.0 	 -300.0     	   -300.0     	    162.5722
180.0 	 120.0 	 -300.0     	   -300.0     	    162.1872
180.0 	 130.0 	 -300.0     	   -300.0     	    162.3897
180.0 	 140.0 	 -300.0     	   -300.0     	    162.3787
180.0 	 150.0 	 -300.0     	   -300.0     	    161.6416
180.0 	 160.0 	 -300.0     	   -300.0     	    162.0739
180.0 	 170.0 	 -300.0     	   -300.0     	    159.8295
180.0 	 180.0 	 -300.0     	   -300.0     	    -8.772579
180.0 	 190.0 	 -300.0     	   -300.0     	    -17.61602
180.0 	 200.0 	 -300.0     	   -300.0     	    -17.13741
180.0 	 210.0 	 -300.0     	   -300.0     	    -17.47208
180.0 	 220.0 	 -300.0     	   -300.0     	    -18.13049
180.0 	 230.0 	 -300.0     	   -300.0     	    -17.8253
180.0 	 240.0 	 -300.0     	   -300.0     	    -17.96264
180.0 	 250.0 	 -300.0     	   -300.0     	    -18.3378
180.0 	 260.0 	 -300.0     	   -300.0     	    -18.20986
180.0 	 270.0 	 -300.0     	   -300.0     	    -18.62895
180.0 	 280.0 	 -300.0     	   -300.0     	    -18.49414
180.0 	 290.0 	 -300.0     	   -300.0     	    -18.93841
180.0 	 300.0 	 -300.0     	   -300.0     	    -18.89833
180.0 	 310.0 	 -300.0     	   -300.0     	    -19.56305
180.0 	 320.0 	 -300.0     	   -300.0     	    -20.07708
180.0 	 330.0 	 -300.0     	   -300.0     	    -20.36924
180.0 	 340.0 	 -300.0     	   -300.0     	    -21.90445
180.0 	 350.0 	 -300.0     	   -300.0     	    -30.05938
180.0 	 360.0 	 -300.0     	   -300.0     	    -174.5733
